f1: 0.858515057113188
rocval:  0.7190773625140526