f1: 0.8221709006928407
rocval:  0.6621330781616832