f1: 0.7714494214129338
rocval:  0.6415586016255765