f1: 0.8323966942148759
rocval:  0.6904695296120447