f1: 0.8957091775923719
rocval:  0.655039825533802