f1: 0.7919587628865978
rocval:  0.6674715640281281